ABE	146.389012	-37.719352	2	1978	2	2030	12
ADE	138.7136	-34.967	2	1909	00	1958	7
ADE	138.7136	-34.967	2	1958	7	2029	12
AKI1	133.858	-19.728	2	1987	1	1987	1
AKI2	133.903	-19.813	2	1987	1	1987	3
APN	150.82345	-34.17086	2	1992	05	1998	06
ARG	128.427	-16.7092	3	1994	11	1996	11
ARK	139.339	-30.276	1	1987	10	2031	01
ARMA	151.628	-30.4198	1	1991	09	2031	01
ARPS	141.8383	-36.7699	1	2000	11	2037	12
ASP	133.900558	-23.68339	1	1970	12	2029	12
AUALB	117.904600	-34.999500	1	2012	9	2599	12
AUBUS	115.382800	-33.660100	1	2012	9	2599	12
AUCAS	135.721900	-34.263700	1	2013	8	2599	12
AUHAR	115.891200	-33.092700	1	2014	4	2599	12
AUJCS	138.609800	-33.204700	1	2013	8	2599	12
AUKAL	121.478900	-30.763700	1	2013	9	2599	12
AUMAZ	116.038400	-32.006900	1	2013	9	2599	12
AUCAR	113.6586	-24.8851	1	2013	9	2599	12
AUKAR	116.8178	-20.7520	1	2013	9	2599	12
AUALC	133.8835	-23.6899	1	2013	9	2599	12
AUKAT	132.2829	-14.4624	1	2013	9	2599	12
AUDHS	130.8330	-12.4400	1	2013	9	2599	12
AUNHS	136.7832	-12.1874	1	2013	9	2599	12
AUCSH	145.7682	-16.9159	1	2013	9	2599	12
AUAYR	147.4088	-19.5774	1	2013	9	2599	12
AUNRC	150.5329	-23.3529	1	2013	9	2599	12
AUMOU	149.9814	-24.5752	1	2013	9	2599	12
AUMTS	148.9964	-35.3188	1	2011	4	2599	12
AUMHS	149.0888	-35.36350	1	2011	4	2599	12
AUDAR	149.1377	-35.2530	1	2011	4	2599	12
AUSIS	149.1147	-35.2839	1	2011	9	2599	12
AUC	174.7781	-36.86	1	1941	4	2025	12
AVD	150.615	-34.3764	1	1992	1	1992	9
AVDT 	150.615	-34.3764	1	1992	9	1995	1
AVL	149.248	-34.751	2	1986	1	1995	12
AVO	150.615	-34.3764	1	1958	1	1992	1
AVOC	150.615	-34.3764	1	1995	6	2029	12
AWD	151.3157	-24.078	1	1987	7	1998	12
AWG	151.3157	-24.0462	1	1981	9	1987	4
BAL	116.7067	-30.6067	1	1982	8	1999	10
BBBY	141.3988	-35.9591	3	1987	12	1988	2
BBOO	136.0564	-32.8097	1	1995	12	2025	12
BCS	147.1311	-20.6198	2	1981	1	1981	1
BDAY	141.8587	-35.8909	2	1987	12	1988	2
BDM	151.4444	-26.1123	1	1980	07	2002	09
BEEN	153.198	-27.7276	1	2003	2	2025	12
BEL 	146.3784	-37.7611	3	1986	3	1996	5
BEMB 	149.578	-36.576	2	2011	11	2001	12
BFD	142.5444	-37.1761	2	1972	10	2001	5
BGC	147.1609	-20.614	1	1981	02	1985	04
BGD	152.1092	-25.5282	2	1994	12	2000	12
BGR	147.1052	-20.5492	1	1981	02	1991	10
BIG	147.03901	-37.46163	3	1982	11	1982	12
BJD	148.5819	-35.0041	3	1995	4	2001	8
BJE	148.646	-34.9505	2	1995	4	2001	8
BK1	116.9971	-30.5195	2	2001	10	2002	8
BK10	117.1069	-30.4869	3	2002	6	2002	10
BK2	116.9421	-30.4524	2	2001	10	2001	12
BK3	117.2963	-30.2444	2	2001	10	2001	12
BK4	117.1026	-30.4740	3	2002	3	2002	6
BK5	117.1219	-30.5194	3	2002	3	2002	8
BK6	117.0850	-30.5161	3	2002	3	2002	8
BK7	117.1815	-30.4597	3	2002	3	2002	8
BK8	117.2198	-30.5803	3	2002	3	2002	8
BK9	116.9810	-30.6302	3	2002	3	2002	8
BKN	117.127	-30.494	3	1979	6	1979	8
BLDU	116.7091	-30.6119	1	1999	11	2037	12
BLP	145.4225	-17.758	3	1990	1	1995	1
BMB 	149.097	-35.278	3	2011	11	2030	12
BMG	147.0608	-20.6142	2	1981	2	1985	4
BNB	151.7872	-25.6862	2	1995	9	2000	12
BNDM 	151.45215	-26.0951	2	1984	2	2002	9
BNG	147.3121	-21.344	2	1985	5	1985	8
BOON	151.4521	-26.0951	1	2002	9	2025	12
BOV	147.2267	-36.8083	1	1963	0	1967	0
BR1 	153.0237	-27.4306	3	2001	6	2032	12
BR2 	153.0693	-27.4314	3	2002	6	2032	12
BRAT 	143.931	-37.55	2	1999	8	2032	12
BRD 	144.09941	-36.89189	1	1992	9	1999	2
BRDY	144.09681	-36.89115	2	1992	5	1992	9
BRS	152.775	-27.3917	1	1963	2	2025	12
BRSB	153.0311	-27.478	2	1937	00	1963	2
BSFN	146.2121	-38.45041	2	1995	2	1995	3
BSL	146.564	-20.867	2	1984	03	1990	05
BSY	146.297	-38.4449	3	1985	10	1986	3
BUC	143.4981	-36.23843	1	1983	7	2025	12
BUD	150.67066	-34.67626	1	1993	9	2025	12
BUNN	144.58	-35.792	3	1988	7	1988	9
BURD	147.1218	-20.6232	1	1991	10	2031	01
BUV	148.1683	-37.4983	1	1964	1	1966	0
BWA	148.7517	-34.425	1	1971	1	1995	1
BWN	148.126	-20.022	1	1995	9	2000	6
BW1H	148.236099	-20.004499	1	2012	8	2000	6
BW2S	148.223206	-19.9984	1	2012	8	2000	6
BYFQ	150.626	-22.82	1	1991	8	1992	4
CA1	117.1447	-30.7824	2	2000	9	2001	10
CA2	117.2172	-30.5287	2	2000	9	2001	10
CA3	117.0478	-30.5100	2	2000	9	2002	7
CA4	117.0929	-30.6508	2	2000	9	2001	10
CAB 	148.4431	-35.9267	1	1959	1	1971	12
CAH 	149.2417	-34.6467	1	1970	1	1993	1
CARL	115.9267	-31.9835	1	2009	8	2599	12	
CAN	148.998322	-35.32	1	1958	1	2029	12
CANM 	116.128	-32.152	3	2005	1	2032	12
CAV	151.62375	-29.64782	2	1994	8	2025	12  
CBR 	148.393341	-35.943333	1	1971	12	1993	1
CCQ	145.5674	-17.8493	2	1990	1	1995	0
CCRS 	143.97217	-36.99063	1	2011	11	2030	12
CDN	145.42518	-37.94616	2	1996	4	2029	12
CHAM 	151.1379	-31.3497	3	1996	6	2030	12
CHFM 	151.1164	-31.3265	2	1996	12	2030	12
CHI	151.6808	-32.2430	2	1989	12	2037	12
CHIL	144.5306	-17.1504	1	2002	12	2031	01
CKTY	123.5934	-16.0871	3	1997	8	1997	12
CLAW 	146.183	-41.492	3	2003	7	2032	12
CLBY	151.7453	-32.89611	3	1989	12	1990	1
CLQY	122.9317	-16.3997	3	1997	8	1997	12
CLV	136.4955	-33.6911	2	1963	10	2025	12
CMC	117.0964	-30.7916	3	1997	3	2037	12
CMS	145.8283	-31.4867	1	1982	12	1995	06
CMSA	145.6903	-31.539	1	1995	06	2031	01
CNB	149.3633	-35.3150	1	1979	11	2037	12
CN1H	145.710602	-16.910999	3	2012	1	2025	12
CN2S	145.723801	-17.0215	3	2012	1	2025	12
CNS1	145.7359	-16.9541	3	1997	3	2025	12
CNS2	145.7105	-16.911	3	1997	03	2031	01
COEN	143.1758	-13.9563	1	2002	10	2037	12
COL	143.664	-38.356	3	1981	3	1981	10
COMY	143.83199	-36.97246	2	1991	5	1991	5
CONY	151.27918	-32.99049	3	1994	8	1994	8
COO	151.8916	-30.5777	1	1974	4	1991	9
COOL	121.1450	-30.8833	1	1988	8	1999	2
COPM	150.93469	-29.91775	2	1994	08	2031	01
CORO	147.145	-41.4522	3	1996	12	2029	12
CORR	117.7053	-32.1892	2	1983	9	1983	11
CPX	150.62474	-34.47647	2	1992	6	2029	12
CRBY	151.23522	-32.92981	2	1994	8	1994	8
CRC	150.2799	-25.2535	2	1990	07	1994	12
CRD	143.97217	-36.99063	2	1989	9	2001	8
CSY	110.5289	-66.2894	1	1990	11	2037	12
CTA	146.255	-20.0883	1	1957	0	1963	0
CTA	146.255	-20.0883	1	1963	00	2031	01
CTB	150.81072	-34.26481	2	1992	6	2029	12
CTD	150.80229	-34.2672	3	1992	6	2025	12
CVL	147.609	-20.59	1	1985	04	1991	04
DAL	149.174	-34.726	2	1985	3	2025	12
DAM	116.8715	-30.4304	2	2001	9	2001	10
DAR	130.8183	-12.4083	2	1961	1	1972	6
DAVI	151.2	-33.9	3	1996	6	2025	12
DBG	147.299	-20.275	2	1984	3	1984	4
DDB	147.51147	-36.55777	2	1989	7	2029	12
DDC	147.52411	-36.56085	3	1989	6	2029	12
DLBQ 	147.267	-20.14911	2	1984	4	2032	12
DLN	149.182	-34.7233	2	1961	0	1971	1
DNG	146.475	-20.555	2	1984	02	1997	05
DON	150.71294	-34.35898	2	1992	5	1998	6
DOW	116.982	-31.010	1	1990	1	2004	12
DPH	130.8990	-12.4320	3	1990	1	2037	12
DPT	145.8227	-17.9127	2	1994	1	1995	0
DRAM 	147.37543	-35.96543	1	1993	6	2030	12
DRG	151.292	-26.286	3	1994	1	1995	08
DRO	144.9969	-38.3595	2	1987	5	1996	4
DROM 	144.959787	-38.3482125	2	2003	1	2032	12
DRS	130.8420	-12.4670	3	1995	3	2037	12
DRT	147.491623	-36.583347	2	1975	12	1989	06
DTM	147.4686	-36.52931	2	1989	6	2025	12
DVB	145.0977	-38.2874	2	1996	4	2029	12
EDO	138.0833	-32.5333	1	1977	11	1984	12
EDV	150.978	-25.438	2	1994	12	2000	12
EIDS	151.0817	-25.369	1	2002	03	2031	01
ELLY	151.32665	-32.93594	2	1994	8	1994	8
EMMO	117.123	-30.895	3	1987	1	2029	12
EPS	115.881	-31.945	1	1990	1	2004	12
EUAB	148.35842	-33.42728	3	1994	8	1995	1
EUAD	148.37367	-33.40243	2	1994	8	1995	1
EUAN	148.358	-33.4273	3	1995	3	1995	6
EUBG	148.36675	-33.42063	2	1994	8	1995	4
EUCH	148.37079	-33.42862	3	1994	8	1994	12
EUCT	148.32719	-33.41437	2	1994	8	1994	8
EUEU	148.37079	-33.42862	3	1994	8	1994	8
EUG	148.3418	-33.4182	2	1995	1	2029	12
EUGQ	148.32805	-33.41337	2	1994	8	1995	1
EUGY	148.37972	-33.43543	3	1994	8	1995	6
EUKM	148.34832	-33.37637	2	1994	8	1994	9
EUKN	148.34793	-33.37908	2	1994	9	1995	6
EURH	148.36853	-33.45882	2	1994	8	1994	8
EUSH	148.34267	-33.4073	2	1994	8	1995	1
FAIR 	148.07725	-23.65648	1	2003	7	2032	12
FAW	117.0124	-30.3284	2	2001	9	2001	10
FITZ	125.6390	-18.1020	1	1994	9	2037	12
FLAT 	117.147	-30.717	2	1987	5	1987	8
FND 	149.166	-34.745	3	1986	3	1997	12
FNT	147.35361	-42.9265	2	1957	1	1962	0
FORR 	128.0673	-30.7992	1	1988	7	1992	5
FORT	128.059	-30.799	1	1992	5	2025	12
FR01	138.89927	-31.32351	1	2003	9	2006	6
FR02	138.4024	-31.5083	1	2003	10	2006	6
FR03	138.88334	-31.61754	1	2003	9	2006	6
FR05	138.86921	-31.96259	1	2003	9	2006	6
FR06	138.0302	-31.97556	1	2003	9	2006	6
FR09	137.93256	-32.48257	1	2003	9	2006	6
FR10	138.41008	-32.53816	1	2003	9	2006	6
FR13	138.56831	-33.12493	1	2003	9	2006	6
FR14	138.57565	-33.47089	1	2003	9	2006	6
FR15	138.12696	-33.54398	1	2003	9	2006	6
FR16	138.91892	-33.77925	1	2003	9	2006	6
FR17	138.9645	-33.03618	1	2003	9	2006	6
FR18	137.97797	-32.69652	1	2003	9	2006	6
FR19	138.5897	-32.7633	1	2002	10	2006	6
FR20	138.6278	-32.2315	1	2002	10	2006	6
FR21	138.5525	-31.7644	1	2002	10	2006	6
FR22	138.9336	-33.0695	1	2002	10	2006	6
FRED 	151.89696	-24.89847	2	2004	2	2032	1
FRT	143.71596	-38.53376	3	1981	10	2025	12
FRZ	147.09389	-37.03749	3	1982	11	1982	11
FS03	151.8667	-25.1068	2	2001	1	2025	12
FSHM 	145.9996	-38.7565	2	1995	1	2030	12
FSK	145.9941	-38.753	2	1994	2	1995	1
FSK	145.9996	-38.7565	2	1995	1	1998	1
FTZ	150.48384	-34.64215	2	1992	5	2025	12
GC1	153.3617	-27.948	2	1995	07	2031	01
GC2	153.4539	-28.1363	3	1997	02	2031	01
GD1S	151.169006	-23.8421	2	2010	07	2031	01
GEAM 	144.389	-38.153	3	1998	5	2030	12
GEE	148.1825	-36.4197	1	1958	1	1968	0
GEES	147.1236	-41.4453	3	1995	4	2029	12
GEK	134.063	-19.429	2	1987	1	1987	3
GEX	140.8251	-37.0735	3	1989	12	2006	5
GGD	149.264	-35.425	3	1986	5	2025	12
GHS	138.599	-34.921	3	1993	10	2029	12
GHSS	138.6017	-34.9194	3	2009	1	2029	12
GIRL	114.234	-22.643	2	1995	9	2025	12
GLAD	148.02	-40.97	2	1996	1	2029	12
GLB	144.2498	-38.0515	2	1996	3	2029	12
GLD	151.4797	-28.9694	2	1991	01	2001	07
GLL	143.3956	-36.1382	2	1985	6	1985	9
GLLA	143.40488	-36.14031	2	1996	3	1996	3
GLMM 	146.799	-37.902	2	1996	12	2030	12
GLNM 	151.2464	-32.3662	2	1996	12	2025	12
GLS	128.2956	-25.0353	1	1974	10	1978	4
GBAM 	150.9993	-32.1114	3	1996	6	2025	12
GBBM 	150.9725	-32.0925	2	1996	2	2029	12
GOG	142.39958	-36.88823	2	1989	7	2029	12
GOK	116.852	-31.338	1	2000	1	2004	12
GOO	116.852	-31.394	2	1988	12	2025	12
GORD 	146.053329	-42.751663	3	2003	7	2006	9
GORD	145.973	-42.7317	3	2001	5	2025	12
GRV	150.30915	-33.66182	2	1992	4	2025	12
GUNY	151.73212	-32.95839	3	1989	12	1990	1
GVA	147.4827	-21.489	2	1986	03	1987	06
GVL	144.90062	-37.61862	1	1976	1	2029	12
HBG	144.30587	-38.1862	3	1995	10	2025	12
HCGY	151.66944	-32.96477	3	1989	12	1990	1
HCT	149.1680	-34.7700	3	1993	9	1997	6
HEX	142.778	-37.928	2	1998	9	2025	12
HINZ	153.2807	-28.0511	2	2003	02	2031	01
HWK	135.2035	-29.9578	2	1981	06	2031	01
HKN 	135.186	-30.012	1	1975	8	1981	4
HLA	150.9164	-33.5225	1	1959	1	1970	0
HOP	144.20458	-35.99638	1	1983	7	2029	12
HRD	145.65	-17.76	2	1990	01	1993	12
HTT	138.9217	-33.4305	1	1962	02	2031	01
HUM	147.029	-36.111	3	1993	6	2029	12
HUTY	144.13623	-36.89122	2	1991	5	1991	5
INKA	140.7456	-27.741	2	2013	6	2599	12
INV	149.666656	-34.965004	1	1959	1	1972	8
ISQ	139.555	-20.7167	1	1980	01	1987	00
IVN	149.666656	-34.966663	1	1972	09	1982	09
IVY	149.7183	-34.9722	1	1983	6	1992	12
IVS	147.06814	-36.13379	2	1993	6	2029	12
IVSM	147.06814	-36.13379	2	1993	6	2029	12
JBR	150.04862	-33.76183	2	1983	8	2025	12
JEN	146.41976	-38.35069	2	1979	11	2025	12
JENM	146.41976	-38.35069	2	1979	11	2025	12
JIN	148.5931	-36.4394	1	1958	1	1972	0
JNL	150.0172	-33.8258	1	1959	05	1983	08
JOHN	144.08607	-36.8722	2	1991	5	1992	7
K01	116.8638	-31.025	2	1983	10	1983	11
KAA	116.858	-20.777	2	1971	2	1972	7
KAKA	132.4396	-12.7115	1	1995	3	2008	12
KALJ	117.151	-30.746	3	1987	1	2029	12
KALY	151.343	-32.8994	2	1994	8	1994	8
KAN	150.0668	-33.9966	2	1993	9	2029	12
KBH	149.08	-35.39	3	1985	1	2029	12
KDA	145.63	-16.825	3	1959	00	1964	00
KDU	132.4727	-12.6869	1	2008	3	2037	12
KGD	145.269367	-37.698794	1	1976	10	1984	12
KHA	148.128342	-36.213337	1	1968	1	1993	1
KHC	136.9111	-35.9825	2	1988	6	2029	12
KIM	151.7507	-32.9518	3	1989	12	2025	12
KING	150.7420	-33.7630	3	1996	6	2025	12
KITY	151.36715	-32.90852	2	1994	8	1994	8
KLB	117.76	-31.5917	1	1981	9	2025	12
KLBR	117.7546	-31.5915	1	1981	9	2025	12
KLG	121.4583	-30.7833	1	1964	0	1986	5
KLGA	121.4383	-30.7167	1	1986	5	1988	8
KMBL	121.8906	-31.3682	1	2000	11	2037	12
KNA	128.7667	-15.7500	1	1965	11	2008	12
KNRA	128.7628	-15.6769	1	2008	8	2059	12
KONY	151.73535	-32.86687	3	1989	12	1990	1
KOO1	117.76	-30.65	1	2005	1	2006	12
KOO2	116.999	-30.51	1	2005	1	2006	12
KOOL	119.487	-30.781	2	1983	9	1983	11
KOW	149.2983	-35.2883	1	1975	10	1979	11
KOW	144.5201	-35.7885	2	1997	5	2025	12
KOWA	144.5214	-35.7909	2	1988	7	1997	5
KPAM 	150.4902	-30.8791	3	1996	6	2025	12
KPK	115.842	-31.96	3	2001	10	2006	12
KPT	150.4819	-30.8851	2	1997	2	2029	12
KTL	150.40426	-33.8621	2	1993	10	2025	12
LAKY	144.03577	-36.90137	1	1991	5	1991	5
LBX	150.87355	-34.27212	1	1992	6	2029	12
LCRK	138.2162	-30.4472	1	2013	6	2599	12
LEAH 	146.45141	-42.303329	3	2003	7	2032	12
LER	149.365005	-34.934998	1	1970	1	1993	1
LGT	147.46358	-36.76326	2	1989	5	2025	12
LHB	150.97865	-34.05367	2	1988	0	2025	12
LHR	150.978	-34.053	3	1988	0	2025	12
LICO	146.64724	-37.67143	3	1997	2	1997	4
LIL	145.342392	-37.693582	1	1976	9	1984	12
LM01	116.7914	-34.3950	1	2018	9	2019	3
LM02	116.6405	-34.4928	1	2018	9	2019	3
LM03	116.9292	-34.3677	1	2018	9	2019	3
LM04	116.6456	-34.3380	1	2018	9	2019	3
LM05	116.3249	-34.3834	1	2018	9	2019	3
LMT	146.1517	-41.61	1	1969	9	1971	8
LOG	146.34011	-37.79239	2	1990	12	1992	1
LOSM 	151.4556	-32.3304	2	1996	12	2029	12
MACM 	144.69102	-37.43028	2	1999	4	2006	11
MAL	146.291858	-37.749053	2	1978	1	1988	9
MAN	117.1483	-30.8775	2	1983	10	1983	11
MARG 	145.55162	-41.99952	3	2003	7	2032	12
MAW	62.8716	-67.6066	2	1956	7	2029	12
MBA	146.2369	-34.125	2	1961	0	1962	0
MBL	119.8333	-21.1600	1	1976	6	2001	6
MBWA	119.7312	-21.1590	1	2001	7	2037	12
MCPQ	146.8065	-20.5499	2	1984	02	2031	01
MCQ	158.9566	-54.4983	2	1950	07	2031	01
MCV 	145.89867	-37.69085	2	1990	8	1999	6
MDRM 	146.379	-38.099	2	1999	6	2030	12
MEEK	118.6140	-26.6380	1	1992	6	2037	12
MEG	150.036652	-35.10067	1	1978	5	1993	1
MEK	118.5450	-26.6133	1	1967	10	1986	4
MEKA	118.5333	-26.6150	1	1986	5	1991	6
MEL	144.9733	-37.8317	2	1902	04	1977	12
MEM	144.49613	-37.63576	2	1983	7	1999	4
MGCD	151.1075	-33.2076	1	1997	2	2025	12
MGR	140.571823	-37.728298	2	1997	1	2025	1
MGR	140.571823	-37.728298	3	1980	4	1985	1
MGR2	140.6865	-37.8001	2	1985	1	1997	1
MHL	151.2567	-33.7835	3	1993	12	2025	12
MHP	146.802	-21.396	2	1984	04	1990	05
MIC	146.359389	-37.903344	2	1977	12	1999	5
MIKA 	145.18115	-40.87806	2	2007	6	2025	12
MILA	149.1550	-37.0547	1	2001	7	2037	12
MITM	147.65871	-36.73171	2	1989	6	2025	12
MLW	145.5105	-37.1368	1	1985	6	2025	12
MNH	145.8	-17.97	2	1990	01	1994	00
MNT	151.1412	-24.8317	2	1994	12	2031	01
MOO	147.190002	-42.441669	1	1960	00	2031	01
MOR	117.0890	-31.6590	1	1978	7	1979	12
MORG	150.3901	-23.7627	2	2001	09	2031	01
MORW	116.0388	-29.0683	1	1999	10	2037	12
MOSY	151.69517	-32.92464	3	1989	12	1990	1
MP1	149.3110	-35.1904	3	2002	1	2002	3
MPD	144.9064	-37.7689	3	1993	10	2025	12
MPR	151.6188	-25.2053	3	1994	12	2000	12
MR2A	148.18	-36.243	3	1995	12	2025	12
MR2D	148.181	-36.244	3	1995	12	2025	12
MRVQ	150.67509	-22.95484	2	1992	04	1997	01
MRWA	115.9960	-29.2180	1	1984	6	1999	10
MSB	146.2923	-37.7421	2	1988	10	1989	6
MTCL 	146.183	-41.492	2	2002	9	2003	7
MTHY	124.9164	-16.822	2	1997	8	1997	12
MTKN	115.7737	-31.9333	2	2009	6	2599	12
MTL	146.5642	-38.4015	3	1995	11	1998	12
MTLY	146.55655	-38.39274	3	1990	7	1992	3
MTLZ	146.5705	-38.4131	3	1992	3	1995	11
MTMQ	150.39014	-23.76265	2	1990	08	2001	09
MTN	131.1300	-12.8467	1	1972	6	1995	3
MTRD	145.5436	-41.8464	1	1991	3	2003	7
MTSU	144.3194	-18.14839	1	2002	03	2031	01
MTV	146.565	-38.4017	1	1964	0	1970	0
MULG	134.0585	-30.2818	1	2013	5	2599	12
MUN	116.2083	-31.9783	1	1959	1	2037	12
MYLY	151.34626	-32.95099	3	1994	8	1994	8
MYS	138.2154	-30.4513	3	1994	12	1995	6
NANU	115.5	-22.545	2	1987	10	1994	12
NAP	138.145	-33.184	2	1996	8	2025	12
NAPP	138.1478	-33.1828	2	2009	1	2025	12
NAR	147.84481	-36.43023	2	1995	5	2025	12
NAT	150.42669	-34.20607	1	1992	5	2025	12
NAU	115.5000	-22.5450	2	1980	4	1987	10
NBK	137.983	-32.701	1	1979	5	2025	12
NELS 	147.33259	-42.92708	2	2006	3	2032	12
NIA	167.9600	29.0417	2	1969	12	1977	5
NJCY	151.73999	-32.93141	2	1989	12	1990	1
NLD	151.7009	-32.9003	3	1991	0	2025	12
NNO	116.2567	-30.99	2	1983	10	1983	11
NOR09	122.0686	-32.3837	1	2016	8	2016	12
NOR10	122.6187	-32.2679	1	2016	8	2016	12
NOR11	122.0893	-32.4179	1	2016	8	2016	12
NOR12	122.3764	-32.4055	1	2016	8	2016	12
NPS	151.8	-32.9	3	1990	6	1995	9
NUMB	151.731	-32.91	3	1995	9	2025	12
NWA	117.2333	-32.9266	1	1975	9	2029	12
NWAO	117.239000	-32.927700	1	1994	1	2599	12
OOD	135.6880	-27.7944	3	2013	5	2599	12
OOL	149.163	-34.773	3	1986	0	1998	1
PAT	146.455572	-37.857253	2	1978	2	1998	12
PCV	144.9316	-37.73	3	1976	2	1976	9
PDA	137.2389	-35.8059	1	1990	3	2025	12
PDD	151.2429	-29.3801	2	1995	9	2025	12
PDE	151.294	-29.365	2	1995	10	1996	6
PEG	144.08994	-36.98426	2	1982	4	1996	9
PER	115.8394	-31.9527	2	1901	0	1963	8
PETE	148.42337	-20.43879	2	2004	4	2031	01
PFD	148.3746	-20.3858	1	1991	04	1998	10
PHB	149.1230	-35.3100	3	1988	1	2037	12
PHD	150.969	-33.847	3	1992	6	2025	12
PIG	116.9262	-30.5703	2	2001	9	2001	11
PIG2	116.7918	-30.8476	2	2001	10	2002	8
PIG3	116.4837	-30.3152	2	2001	10	2002	8
PIG4	116.1669	-31.7479	2	2001	10	2002	8
PIN	118.6143	-33.5165	3	1989	8	1989	12
PIN	151.24073	-29.39771	2	1994	08	1998	01
PMG2	140.685	-37.799	2	1990	2	1992	0
PNA	138.1647	-32.0057	1	1969	9	2000	2
PND	145.270883	-37.634592	2	1988	8	1995	6
POAT 	146.90286	-41.8291	1	2003	7	2032	12
POL	145.80104	-37.62636	3	1990	8	1996	4
PSA00	119.8458	-21.5725	3	2011	1	2599	12
PSAA3	119.854873	-21.578084	3	2011	1	2599	12
PSAD2	119.962402	-21.61713	3	2011	1	2599	12
PTA	146.455572	-37.857253	3	1978	2	1996	5
PTJY	125.0539	-15.9601	2	1997	8	1997	12
PTPS	137.9943	-33.1725	2	2009	1	2599	12
PYV	143.2842	-38.365	3	1970	1	1972	0
QFS	151.39142	-32.93264	3	1993	1	2025	12
QIS	139.6052	-20.5577	1	1987	6	2025	12
QLP	144.2348	-26.5837	1	1989	8	2025	12
RABL	152.163696	-4.1912	2	2009	4	2001	12
RAV1	120.6003	-33.6399	2	2001	10	2001	12
RAV2	120.7963	-33.7449	2	2001	10	2001	12
RDSS	151.9168	-24.6238	3	2004	08	2031	01
RIV	151.1583	-33.83	1	1909	01	2031	01
RK1	150.4938	-23.3886	3	2001	05	2031	01
RK2	150.5248	-23.3825	3	2001	12	2031	01
RK1H	150.493896	-23.3876	3	2008	12	2031	01
RK2S	150.521606	-23.3102	3	2008	12	2031	01
RKG	117.0104	-34.5698	1	1983	8	2025	12
RKGY	116.9773	-34.6094	1	1999	9	2025	12
RMMY	151.79032	-32.9274	3	1989	12	1990	1
RMQ	148.755	-26.489	1	1984	08	2031	01
RNDA	149.0817	-35.2583	3	1998	7	2029	12
ROCK	144.05115	-36.89229	2	1993	3	1991	7
ROKM 	141.955	-37.242	2	1999	3	2030	12
ROW	144.2918	-37.8061	2	1999	1	2025	12
ROY	145.28854	-37.63986	2	1995	6	2025	12
RPA	137.4033	-32.725	1	1977	9	2025	12
RUS	144.94726	-36.66421	2	1983	6	2025	12
RVH	145.484	-17.6332	1	1990	01	1993	10
SAV	147.1889	-41.7208	1	1961	00	2031	01
SBR	149.533325	-35.425007	1	1976	12	1995	1
SBSV 	146.29758	-38.42787	2	2000	8	2001	12
SCOT 	146.30165	-43.03095	3	2003	7	2032	12
SCY	145.337	-17.878	2	1990	01	1993	12
SDN	139.3374	-34.5093	2	1990	4	2018	12
SDAN	139.3380	-34.5073	2	2018	6	2029	12
YAPP	138.3119	-31.8663	2	2018	6	2029	12
SFF	146.3075	-41.3375	1	1969	8	2025	12
SGTH 	145.90461	-38.63808	2	2011	11	2002	12
SHY	145.11	-37.826	3	1993	10	2025	12
SIN	146.292	-37.739	2	1989	6	1996	11
SMBT 	146.30129	-38.59975	2	2011	11	2030	12
SPF	149.151	-34.765	3	1986	7	1998	1
SPG	149.124	-34.762	3	1986	0	1995	1
SPK	146.275009	-43.03833	1	1972	7	2003	7
SPRM	150.6877	-30.5748	2	1996	06	2031	01
SRA	151.235	-29.381	2	1995	7	1995	9
STG	146.053329	-42.751663	1	1972	7	2025	12
STK	141.5918	-31.8817	1	1974	4	1994	4
STKA	141.5952	-31.8769	1	1994	3	2025	12
STN	146.56218	-37.88507	3	1996	9	1996	11
STPT	151.4979	-25.7569	2	2005	04	2031	01
SVR	145.21167	-41.488335	1	1975	6	1991	3
SYD	151.2	-33.8666	3	1906	0	1948	0
SYM	149.1568	-35.3448	1	1998	4	2037	12
TACO	146.1212	-36.7514	2	1997	8	1997	11
TADB	146.1405	-36.7978	2	1997	8	1997	9
TAHH	146.1061	-36.7747	2	1997	8	1998	1
TAL	150.38091	-34.77094	2	1993	9	2029	12
TAMG	146.0672	-36.7562	2	1997	9	1997	11
TAO	148.290009	-35.595001	1	1969	1	1988	1
TASC	146.0642	-36.7821	2	1997	8	1997	11
TAT	146.1061	-36.7747	2	1998	1	2029	12
TAU	147.320007	-42.910004	1	1962	1	2029	12
TCN1	133.815806	-19.724738	2	1988	2	1988	12
THNT	144.458	-35.696	3	1988	7	1988	9
THOP 	146.17	-38.2856	3	2000	8	2002	12
THS	138.7733	-34.74167	1	1989	11	2025	12
TINA	145.53035	-17.17605	2	2004	4	2031	01
TMA	146.3972	-37.84402	3	1991	10	1998	1
TMD	146.40006	-37.84233	3	1985	5	1997	1
TMT	146.39566	-37.84356	3	1985	7	1996	10
TOM	146.34969	-37.80853	2	1977	5	2029	12
TOO	145.49	-37.5717	1	1962	00	2031	01
TOP	144.09568	-36.89564	2	1991	5	1991	7
TOS	146.40573	-37.82428	2	1990	12	1998	5
TPND 	148.39	-35.963	3	2002	6	2032	12
TRC	143.61605	-30.07848	2	1996	8	1996	10
TREF	143.64974	-30.08142	2	1996	8	1996	10
TRFS	143.53476	-30.1844	2	1996	9	1996	10
TRJ	143.53648	-30.07906	2	1996	8	1996	10
TRMZ	143.53643	-30.10479	2	1996	8	1996	10
TRN	143.64939	-30.0463	2	1996	8	1996	10
TRNW	143.50054	-30.05374	2	1996	9	1996	10
TRR	146.449997	-42.303329	2	1960	00	2003	07
TRS	143.65113	-30.10318	2	1996	8	1996	10
TRSW	143.52591	-30.12823	2	1996	8	1996	10
TRW	143.6	-30	2	1996	8	1996	10
TUK	138.659	-34.968	3	1993	11	2029	12
TV1	146.7953	-19.2614	2	2002	05	2031	01
TV2	146.7833	-19.2921	3	2002	05	2031	01
TV1H	146.795395	-19.2614	2	2002	05	2031	01
TV2S	146.788696	-19.2904	3	2002	05	2031	01
TVL	146.7676	19.2616	3	1956	00	1965	00
TYR	146.4354	-38.1083	3	1990	6	2029	12
UCQ2	150.52442	-23.32872	3	1991	07	1992	04
UCQ3	150.53383	-23.321	3	1992	04	1997	01
UKA	147.127	-20.899	2	1984	03	2031	01
UMB	139.128	-30.24	1	1967	6	1986	2
UNID	151.69666	-32.89579	3	1989	12	1990	1
UTT	138.7367	-34.8215	2	1993	7	2025	12
UYB	145.89724	-37.67281	2	1990	11	1996	3
UYC	145.89777	-37.67507	3	1991	4	1996	4
VNDA	161.85281	-77.51719	2	1986	12	2025	12
VPE	145.93709	-37.64163	2	1990	8	1996	3
WA4	117.225	-30.602	2	1986	4	1986	12
WAH	146.4519	-37.9441	3	1996	9	1996	10
WAIY	151.33988	-32.99474	3	1994	8	1994	8
WALY	151.2942	-32.96039	3	1994	8	1994	8
WAM	148.883331	-36.188332	1	1957	0	1992	12
WAM	148.883331	-36.188332	2	2000	0	2025	12
WARB	126.643	-26.18381	1	1987	6	1997	12
WAT	115.8827	-30.3166	2	1958	0	1959	0
WATY	151.12781	-32.9774	3	1994	8	1994	8
WB0	134.39431	-19.76969	1	1965	10	2031	01
WBA	152.3082	-27.3527	1	1984	07	1998	09
WBH	151.2068	-33.8759	3	1992	6	1998	7
WBN	126.5783	-26.1400	1	1978	6	1987	6
WDA	150.5927	-33.883	2	1992	6	1998	6
WDB	150.594	-33.885	2	1992	2	2029	12
WDC	152.6717	-27.4318	1	1977	03	1978	12
WDT	150.594	-33.885	3	1992	2	2029	12
WED 	150.5803	-33.9503	1	1992	8	1995	1
WER	150.5803	-33.9503	1	1959	0	1992	1
WERC	150.5803	-33.9503	1	1995	6	2025	12
WGB	150.57505	-33.86605	2	1993	9	2025	12
WHY	137.5745	-33.0334	3	1997	3	2025	12
WHYH	137.5744	-33.0330	3	2009	1	2599	12
WIL	146.20011	-38.06194	2	1981	10	1982	10
WIL	149.221	-34.8	3	1987	9	1998	1
WILL 	146.736	-38.3406	2	2000	7	2030	12
WKA	140.321	-36.417	1	1980	1	2025	12
WKC	152.6438	-27.3448	1	1977	03	1978	02
WMB	152.5502	-27.1155	1	1979	05	1998	09
WNP	152.8828	-27.2041	1	1998	09	2031	01
WOB	152.8626	-27.7482	1	1998	09	2031	01
WOLY	151.15205	-32.90796	2	1994	8	1994	8
WOOL	121.6780	-31.0730	2	1994	6	1998	12
WOOM	151.971	-27.546	3	2003	10	2031	01
WOR	150.95159	-34.1414	2	1992	5	2029	12
WPC	152.1909	-27.7182	1	1998	09	2031	01
WPL	152.4168	-27.6058	2	1979	10	1984	05
WPM	152.7355	-27.5357	1	1978	08	1998	09
WPT	146.36092	-39.05104	3	1984	10	1984	11
WRB	134.3478	-19.9611	1	1968	00	2031	01
WRC	152.6631	-27.1874	1	1984	07	1998	09
WRG	136.7634	-31.1046	1	1981	10	1997	5
WRKA	128.2961	-25.0375	1	2009	4	2599	12
WRNM 	150.95159	-34.1414	2	1992	5	2030	12
WRP	152.289	-27.2762	1	1998	09	2031	01
WSA	136.805984	-31.145037	1	1973	4	1981	10
WSD	152.5154	-26.9967	1	1998	09	2031	01
WSK	144.05327	-36.8138	2	1988	1	1999	2
WTG	152.3333	-27.1458	1	1979	04	1998	09
WTR	152.4645	-27.5286	2	1984	01	1993	12
WUR	150.8710	-34.4110	3	1998	6	2037	12
WUS	150.8760	-34.4110	3	1998	6	2037	12
WWD	152.5915	-27.3677	2	1998	09	2031	01
WWH	152.5872	-27.3702	2	1984	07	1998	09
WWL	146.913	-33.987	2	1998	11	1999	1
WYA	148.924	-33.9266	1	1960	0	1966	1
WYAL	117.561	-31.236	2	1988	1	1988	3
YER	150.23205	-34.14247	2	1992	6	2025	12
YNG	148.3963	-34.298	1	1999	1	2025	12
YOU	148.381668	-34.278336	1	1971	0	1998	10
YSY	146.3564	-38.3977	3	1985	10	1986	4
SWH2	115.794136	-33.037351	1	2016	1	2599	12
CSBB	115.817576	-31.981848	1	2016	1	2599	12
SWH3	115.774431	-32.992315	1	2016	1	2599	12
GNGN	115.714674	-31.357866	1	2016	1	2599	12
SWH11	116.549477	-32.580833	1	2016	1	2599	12
SWH10	116.289616	-33.300330	1	2016	1	2599	12
CSSB	115.817428	-31.981766	1	2016	1	2599	12
SWH12	115.763905	-33.434847	1	2016	1	2599	12
SWH1	115.821344	-33.038323	1	2016	1	2599	12
SWH6	115.800177	-32.971092	1	2016	1	2599	12
SWH7	115.853314	-33.062678	1	2016	1	2599	12
SWH4	115.844292	-33.008799	1	2016	1	2599	12
SWH5	115.743277	-33.019492	1	2016	1	2599	12
SWH8	115.770747	-33.076031	1	2016	1	2599	12
SWH9	115.889724	-32.491287	1	2016	1	2599	12
PMG	147.1597	-9.4047	1	1993	10	2599	12
GENI	140.1678	-2.5927	1	1993	1	2599	12
FAKI	132.24889	-2.91925	1	2008	1	2599	12
BNDI	129.9045	-4.5224	1	2008	1	2599	12
SAUI	131.2988	-7.9826	1	2009	10	2599	12
SOEI	124.2672 	-9.7553	1	2006	12	2599	12
MMRI	122.2376 	-8.6357	1	2006	12	2599	12
PLAI	117.7765 	-8.8275	1	2011	1	2599	12
BATI	123.6633	-10.2065	1	2007	1	2599	12
BOXOZ	136.302094	-16.0546	1	2018	1	2599	12
LAROZ	133.212799	-15.5729	1	2018	1	2599	12
NTNOZ	141.185303	-17.6278	1	2018	1	2599	12
AXCOZ	145.251099	-22.9608	1	2018	1	2599	12
CVQOZ	114.078003	-24.4457	1	2018	1	2599	12
MUKOZ	114.609398	-26.7575	1	2018	1	2599	12
PH01	142.950	-5.846	1	2018	2	2599	12
PH02	142.843	-6.464	1	2018	2	2599	12
PH03	143.213	-6.441	1	2018	2	2599	12
PH04	142.788	-5.934	1	2018	2	2599	12
PH05	143.231	-6.359	1	2018	2	2599	12
PH06	142.282	-6.105	1	2018	2	2599	12
WRAB	134.3600	-19.9336	1	1990	2	2599	12
BK24	129.118372	-19.508087	1	2018	1	2599	1
BK25	129.107707	-19.992586	1	2018	1	2599	1
BK26	129.0999	-20.496937	1	2018	1	2599	1
BK27	129.101797	-21.000637	1	2018	1	2599	1
BK28	129.107677	-21.516867	1	2018	1	2599	1
BK29	129.201807	-21.999922	1	2018	1	2599	1
BK30	129.202119	-22.499849	1	2018	1	2599	1
BK31	129.121329	-22.995026	1	2018	1	2599	1
BK32	129.101877	-23.499958	1	2018	1	2599	1
BK33	129.102183	-24.000019	1	2018	1	2599	1
BK34	129.1026	-24.5007	1	2018	1	2599	1
BL25	129.510839	-19.996783	1	2018	1	2599	1
BL26	129.508018	-20.487258	1	2018	1	2599	1
BL27	129.499763	-21.000067	1	2018	1	2599	1
BL28	129.50055	-21.498849	1	2018	1	2599	1
BL29	129.492433	-21.993182	1	2018	1	2599	1
BL30	129.480996	-22.498362	1	2018	1	2599	1
BL31	129.500625	-23.000047	1	2018	1	2599	1
BL32	129.50024	-23.4998	1	2018	1	2599	1
BL33	129.500334	-24.000243	1	2018	1	2599	1
BL34	129.500292	-24.499818	1	2018	1	2599	1
BM25	130.008426	-20.005521	1	2018	1	2599	1
BM26	130.016787	-20.492769	1	2018	1	2599	1
BM27	130.000956	-21.000123	1	2018	1	2599	1
BM28	130.012733	-21.504502	1	2018	1	2599	1
BM29	129.961647	-22.000342	1	2018	1	2599	1
BM30	129.986812	-22.500177	1	2018	1	2599	1
BM31	129.993058	-22.995938	1	2018	1	2599	1
BM32	130.000245	-23.499652	1	2018	1	2599	1
BM33	129.9987	-24	1	2018	1	2599	1
BM34	130.000371	-24.500653	1	2018	1	2599	1
BN24	130.502345	-19.507826	1	2018	1	2599	1
BN25	130.498089	-20.001698	1	2018	1	2599	1
BN26	130.501311	-20.497634	1	2018	1	2599	1
BN27	130.498803	-20.999807	1	2018	1	2599	1
BN28	130.489415	-21.488411	1	2018	1	2599	1
BN29	130.496421	-22.006397	1	2018	1	2599	1
BN30	130.517022	-22.482201	1	2018	1	2599	1
BN31	130.499593	-22.999814	1	2018	1	2599	1
BN32	130.500302	-23.499986	1	2018	1	2599	1
BN33	130.4993	-23.9996	1	2018	1	2599	1
BN34	130.497736	-24.500882	1	2018	1	2599	1
BO24	130.997155	-19.507225	1	2018	1	2599	1
BO25	130.996491	-20.001692	1	2018	1	2599	1
BO26	131.003048	-20.497057	1	2018	1	2599	1
BO27	131.000447	-21.000212	1	2018	1	2599	1
BO29	130.977806	-22.006704	1	2018	1	2599	1
BO30	130.994797	-22.486891	1	2018	1	2599	1
BO31	131.023113	-22.990195	1	2018	1	2599	1
BO32	130.999889	-23.535994	1	2018	1	2599	1
BO33	131.0004	-24	1	2018	1	2599	1
BO34	131.000888	-24.499837	1	2018	1	2599	1
BP24	131.498805	-19.498399	1	2018	1	2599	1
BP25	131.503745	-19.999165	1	2018	1	2599	1
BP26	131.499338	-20.495311	1	2018	1	2599	1
BP27	131.499786	-21.000884	1	2018	1	2599	1
BP29	131.502344	-21.990202	1	2018	1	2599	1
BP31	131.465431	-22.993223	1	2018	1	2599	1
BP33	131.468807	-24.036486	1	2018	1	2599	1
BP34	131.501147	-24.500188	1	2018	1	2599	1
BQ24	132.000711	-19.499266	1	2018	1	2599	1
BQ25	131.999999	-19.998847	1	2018	1	2599	1
BQ26	131.985685	-20.504603	1	2018	1	2599	1
BQ27	132.000464	-20.999675	1	2018	1	2599	1
BQ29	131.993584	-22.001386	1	2018	1	2599	1
BQ31	131.9684	-22.9815	1	2018	1	2599	1
BQ32	131.999325	-23.499374	1	2018	1	2599	1
BQ33	132.0008	-24	1	2018	1	2599	1
BQ34	132.000354	-24.500236	1	2018	1	2599	1
BR24	132.494693	-19.503508	1	2018	1	2599	1
BR25	132.498801	-20.000273	1	2018	1	2599	1
BR26	132.500443	-20.496291	1	2018	1	2599	1
BR27	132.499724	-21.000448	1	2018	1	2599	1
BR28	132.501867	-21.500377	1	2018	1	2599	1
BR29	132.508321	-21.995872	1	2018	1	2599	1
BR30	132.493092	-22.48578	1	2018	1	2599	1
BR31	132.503638	-22.997622	1	2018	1	2599	1
BR32	132.491107	-23.490412	1	2018	1	2599	1
BR33	132.499701	-23.940813	1	2018	1	2599	1
BR34	132.499276	-24.500665	1	2018	1	2599	1
BS24	133.035951	-19.473353	1	2018	1	2599	1
BS26	132.997	-20.4868	1	2018	1	2599	1
BS27	132.991205	-20.997177	1	2018	1	2599	1
BS28	132.9891	-21.5069	1	2018	1	2599	1
BS29	132.925822	-21.991652	1	2018	1	2599	1
BS30	132.999691	-22.489457	1	2018	1	2599	1
BS31	132.984808	-22.998363	1	2018	1	2599	1
BS32	132.99175	-23.476603	1	2018	1	2599	1
BS33	132.9696	-24.032247	1	2018	1	2599	1
BS34	133.002426	-24.500924	1	2018	1	2599	1
BT24	133.5058	-19.5054	1	2018	1	2599	1
BT25	133.50141	-20.002186	1	2018	1	2599	1
BT26	133.4904	-20.495	1	2018	1	2599	1
BT27	133.498785	-20.987754	1	2018	1	2599	1
BT28	133.467468	-21.512811	1	2018	1	2599	1
BT29	133.49	-21.9929	1	2018	1	2599	1
BT30	133.495533	-22.496324	1	2018	1	2599	1
BT31	133.492084	-22.997597	1	2018	1	2599	1
BT32	133.507542	-23.492294	1	2018	1	2599	1
BT33	133.5581	-23.9704	1	2018	1	2599	1
BT34	133.498283	-24.495031	1	2018	1	2599	1
BU28	134.016949	-21.49263	1	2018	1	2599	1
BU29	134.003476	-22.003406	1	2018	1	2599	1
BU30	134.001295	-22.491934	1	2018	1	2599	1
BU31	133.99428	-23.000375	1	2018	1	2599	1
BU32	133.989054	-23.498775	1	2018	1	2599	1
BU33	134.008891	-24.009097	1	2018	1	2599	1
BU34	133.998455	-24.50002	1	2018	1	2599	1
BV28	134.504058	-21.50039	1	2018	1	2599	1
BV29	134.50073	-21.999173	1	2018	1	2599	1
BV30	134.462	-22.494	1	2018	1	2599	1
BV31	134.520669	-23.00765	1	2018	1	2599	1
BV32	134.526124	-23.501365	1	2018	1	2599	1
BV33	134.563422	-23.987517	1	2018	1	2599	1
BV34	134.495409	-24.496786	1	2018	1	2599	1
BW28	135.00728	-21.508875	1	2018	1	2599	1
BW29	134.999778	-21.971708	1	2018	1	2599	1
BW30	134.999202	-22.499131	1	2018	1	2599	1
BW31	134.983197	-22.983513	1	2018	1	2599	1
BW32	134.932154	-23.480302	1	2018	1	2599	1
BW33	135.003614	-24.010019	1	2018	1	2599	1
BW34	135.00121	-24.502425	1	2018	1	2599	1
BS24	133.036041	-19.473352	1	2018	1	2599	1
BS25	133.0061	-20.0039	1	2018	1	2599	1
BS26	132.997	-20.4868	1	2018	1	2599	1
BS27	132.991165	-20.997169	1	2018	1	2599	1
BS28	132.98912	-21.506968	1	2018	1	2599	1
BT23	133.49469	-18.994886	1	2018	1	2599	1
BT24	133.505875	-19.505409	1	2018	1	2599	1
BT25	133.501389	-20.002199	1	2018	1	2599	1
BT26	133.490448	-20.49511	1	2018	1	2599	1
BT27	133.498795	-20.987762	1	2018	1	2599	1
BT28	133.467484	-21.512865	1	2018	1	2599	1
BU22	134.00296	-18.499073	1	2018	1	2599	1
BU23	134.007339	-18.995272	1	2018	1	2599	1
BU24	134.051315	-19.509954	1	2018	1	2599	1
BU25	133.997284	-19.987675	1	2018	1	2599	1
BU26	134.020889	-20.563314	1	2018	1	2599	1
BU27	133.995621	-20.999662	1	2018	1	2599	1
BU28	134.016937	-21.492636	1	2018	1	2599	1
BV21	134.518463	-17.993881	1	2018	1	2599	1
BV22	134.451172	-18.506021	1	2018	1	2599	1
BV23	134.4798	-19.0186	1	2018	1	2599	1
BV24	134.498688	-19.522436	1	2018	1	2599	1
BV26	134.59903	-20.538568	1	2018	1	2599	1
BV27	134.500412	-21.002174	1	2018	1	2599	1
BV28	134.504074	-21.500433	1	2018	1	2599	1
BW20	135.01767	-17.570829	1	2018	1	2599	1
BW21	134.991241	-17.975084	1	2018	1	2599	1
BW22	135.1019	-18.5166	1	2018	1	2599	1
BW23	135.011612	-19.003162	1	2018	1	2599	1
BW24	135.001816	-19.502329	1	2018	1	2599	1
BW25	135.059448	-20.10265	1	2018	1	2599	1
BW26	135.00322	-20.500202	1	2018	1	2599	1
BW27	135.002701	-20.998663	1	2018	1	2599	1
BW28	135.007263	-21.508905	1	2018	1	2599	1
BX20	135.5127	-17.5061	1	2018	1	2599	1
BX21	135.493561	-17.983019	1	2018	1	2599	1
BX22	135.499542	-18.503462	1	2018	1	2599	1
BX23	135.457932	-19.0082	1	2018	1	2599	1
BX24	135.501846	-19.499657	1	2018	1	2599	1
BX25	135.420868	-20.101753	1	2018	1	2599	1
BX26	135.485672	-20.497974	1	2018	1	2599	1
BX27	135.495743	-21.002357	1	2018	1	2599	1
BX28	135.502869	-21.49325	1	2018	1	2599	1
BY20	135.995651	-17.510273	1	2018	1	2599	1
BY21	136.0005	-17.9908	1	2018	1	2599	1
BY22	135.979202	-18.497147	1	2018	1	2599	1
BY23	135.972015	-19.004822	1	2018	1	2599	1
BY24	135.998611	-19.501511	1	2018	1	2599	1
BY25	136.005157	-20.016565	1	2018	1	2599	1
BY26	136.001984	-20.501301	1	2018	1	2599	1
BY27	135.96843	-21.001078	1	2018	1	2599	1
BY28	136.012787	-21.522038	1	2018	1	2599	1
BZ20	136.510849	-17.504906	1	2018	1	2599	1
BZ21	136.493088	-17.993021	1	2018	1	2599	1
BZ22	136.4862	-18.4916	1	2018	1	2599	1
BZ23	136.49173	-19.006247	1	2018	1	2599	1
BZ24	136.5012	-19.4999	1	2018	1	2599	1
BZ25	136.54071	-19.954823	1	2018	1	2599	1
BZ26	136.490234	-20.500771	1	2018	1	2599	1
BZ27	136.493301	-21.054501	1	2018	1	2599	1
BZ28	136.484192	-21.472944	1	2018	1	2599	1
CA20	136.998932	-17.510689	1	2018	1	2599	1
CA21	137.006866	-18.006954	1	2018	1	2599	1
CA22	136.995956	-18.497307	1	2018	1	2599	1
CA23	136.991592	-19.000677	1	2018	1	2599	1
CA24	137.0003	-19.5007	1	2018	1	2599	1
CA25	136.989944	-19.998081	1	2018	1	2599	1
CA26	137.011703	-20.445002	1	2018	1	2599	1
CA27	137.003571	-20.984383	1	2018	1	2599	1
CA28	136.99231	-21.502054	1	2018	1	2599	1
CB20	137.503403	-17.49448	1	2018	1	2599	1
CB21	137.4988	-18.0052	1	2018	1	2599	1
CB22	137.549271	-18.637251	1	2018	1	2599	1
CB23	137.498108	-19.010635	1	2018	1	2599	1
CB24	137.498413	-19.50111	1	2018	1	2599	1
CB25	137.50444	-19.993135	1	2018	1	2599	1
CB26	137.505585	-20.495401	1	2018	1	2599	1
CB27	137.490723	-21.006056	1	2018	1	2599	1
CB28	137.508392	-21.501684	1	2018	1	2599	1
CC20	137.987045	-17.523609	1	2018	1	2599	1
CC21	137.992172	-18.005106	1	2018	1	2599	1
CC22	137.937851	-18.637215	1	2018	1	2599	1
CC23	137.992538	-18.993092	1	2018	1	2599	1
CC24	137.99408	-19.502796	1	2018	1	2599	1
CC25	137.994781	-19.995962	1	2018	1	2599	1
CC26	137.987656	-20.491608	1	2018	1	2599	1
CC27	137.9944	-20.996269	1	2018	1	2599	1
CC28	137.99527	-21.495659	1	2018	1	2599	1
CD21	138.488846	-18.008242	1	2018	1	2599	1
CD22	138.5172	-18.503	1	2018	1	2599	1
CD23	138.4993	-19.0003	1	2018	1	2599	1
CD24	138.499557	-19.49971	1	2018	1	2599	1
CD25	138.496948	-19.999426	1	2018	1	2599	1
CD26	138.495056	-20.499891	1	2018	1	2599	1
CD27	138.5103	-20.984919	1	2018	1	2599	1
CD28	138.490982	-21.508684	1	2018	1	2599	1
CE22	139.002731	-18.49507	1	2018	1	2599	1
CE23	138.999771	-18.999197	1	2018	1	2599	1
CE24	138.995453	-19.501919	1	2018	1	2599	1
CE25	139.001541	-19.999092	1	2018	1	2599	1
CE26	138.996872	-20.506624	1	2018	1	2599	1
CE27	138.979233	-21.020744	1	2018	1	2599	1
CE28	139.0033	-21.489	1	2018	1	2599	1
CF22	139.481277	-18.516428	1	2018	1	2599	1
CF23	139.500992	-18.99593	1	2018	1	2599	1
CF24	139.501541	-19.500828	1	2018	1	2599	1
CF25	139.500122	-20.00108	1	2018	1	2599	1
CF27	139.500076	-21.000578	1	2018	1	2599	1
CF28	139.498779	-21.500164	1	2018	1	2599	1
CG21	140.000732	-17.998072	1	2018	1	2599	1
CG22	139.989304	-18.499563	1	2018	1	2599	1
CG23	139.994873	-19.009914	1	2018	1	2599	1
CH21	140.493317	-17.996857	1	2018	1	2599	1
CH22	140.513138	-18.504688	1	2018	1	2599	1
CH23	140.497513	-18.995928	1	2018	1	2599	1
CI21	141.001816	-17.958717	1	2018	1	2599	1
CI22	140.991318	-18.488939	1	2018	1	2599	1
CI23	141.002014	-19.020731	1	2018	1	2599	1
CJ27	141.430298	-21.039438	1	2018	1	2599	1
