Adelaide
138.6
-34.93
0.0581
0.1562
Adelaide max
138.7
-34.75
0.0591
0.1580
Brisbane
153.02
-27.47
0.0430
0.1310
Brisbane max
153.0
-27.29
0.0457
0.1389
Melbourne
144.96
-37.81
0.0588
0.1568
Melbourne max
145.5
-38.07
0.0654
0.1731
Perth
115.86
-31.95
0.0418
0.1184
Perth max
116.03
-31.89
0.0488
0.1431
Sydney
151.2
-33.86
0.0560
0.1553
Sydney max
150.74
-33.59
0.0606
0.1636
Canberra
149.13
-35.3
0.0598
0.1567
Darwin
130.83
-12.45
0.0370
0.1100
Hobart
147.33
-42.88
0.0205
0.0617
Albany
117.88
-35.02
0.0394
0.1193
Marble
119.75
-21.16
0.0607
0.1922
Albury
146.9
-36.06
0.0479
0.1260
Meckering
117.01
-31.63
0.1518
0.3798
Alice Springs
133.88
-23.7
0.0301
0.0965
Mittagong
150.45
-34.45
0.0583
0.1597
Ballarat
143.86
-37.56
0.0436
0.1114
Morwell
146.4
-38.23
0.1049
0.2708
Ballidu
116.76
-30.6
0.1052
0.2683
Mount Gambier
140.78
-37.83
0.0355
0.0991
Bathurst
149.58
-33.41
0.0637
0.1670
Newcastle
151.78
-32.93
0.0510
0.1454
Bendigo
144.28
-36.75
0.0368
0.0945
Noosa
153.08
-26.4
0.0481
0.1402
Broken Hill
141.46
-31.96
0.0205
0.0612
Northam
116.66
-31.65
0.0783
0.2245
Broome
122.23
-17.95
0.0611
0.1930
Olympic Dam
136.88
-30.45
0.0290
0.0930
Bundaberg
152.35
-24.86
0.0563
0.1581
Onslow
115.11
-21.64
0.0817
0.2603
Burnie
145.9
-41.05
0.0294
0.0797
Orange
149.1
-33.28
0.0639
0.1677
Cairns
145.76
-16.91
0.0324
0.0944
Port Augusta
137.76
-32.48
0.0494
0.1374
Camden
150.7
-34.06
0.0595
0.1624
Port Hedland
118.61
-20.31
0.0540
0.1761Carnarvon
113.66
-24.88
0.0565
0.1714
Port Lincoln
135.86
-34.73
0.0509
0.1669
Coffs Harbour
153.11
-30.3
0.0195
0.0627
Port Macquarie
152.91
-31.43
0.0252
0.0798
Cooma
149.13
-36.23
0.0551
0.1476
Port Pirie
138.01
-33.2
0.0594
0.1627
Dampier
116.71
-20.66
0.0454
0.1377
Robe
139.76
-37.01
0.0282
0.0823
Derby
123.63
-17.31
0.0600
0.1919
Rockhampton
150.5
-23.38
0.0278
0.0756
Dowerin
117.03
-31.2
0.0739
0.2208
Shepparton
145.4
-36.38
0.0486
0.1346
Dubbo
148.6
-32.25
0.0514
0.1457
Tamworth
150.93
-31.08
0.0275
0.0753
Esperance
121.88
-33.86
0.0444
0.1395
Taree
152.45
-31.91
0.0295
0.0861
Geelong
144.35
-38.15
0.0594
0.1595
Tennant Creek
134.18
-19.65
0.1531
0.3620
Geraldton
114.61
-28.78
0.0484
0.1603
Toowoomba
151.95
-27.56
0.0410
0.1193
Gladstone
151.25
-23.85
0.0407
0.1112
Townsville
146.8
-19.26
0.0233
0.0678
Gold Coast
153.43
-28.02
0.0281
0.0816
Tweed
153.54
-28.18
0.0256
0.0750
Goomalling
116.83
-31.3
0.0722
0.2177
Uluru
131.01
-25.28
0.0572
0.1867
Gosford
151.35
-33.41
0.0567
0.1570
Wagga Wagga
147.35
-35.13
0.0477
0.1243
Goulburn
149.71
-34.75
0.0585
0.1527
Wangaratta
146.31
-36.36
0.0552
0.1511
Grafton
152.93
-29.68
0.0207
0.0636
Penrith
150.7
-33.75
0.0604
0.1633
Kalgoorlie
121.46
-30.75
0.1114
0.2959
Warrnambool
142.48
-38.38
0.0610
0.1719
Karratha
116.85
-20.73
0.0433
0.1293
Whyalla
137.56
-33.03
0.0452
0.1287
Katoomba
150.31
-33.71
0.0615
0.1641
Wickepin
117.5
-32.78
0.0735
0.2199
Kellerberrin
117.71
-31.63
0.0804
0.2524
Wivenhoe
152.61
-27.41
0.0475
0.1440
Launceston
147.13
-41.43
0.0225
0.0626
Wollongong
150.9
-34.41
0.0554
0.1551
Lismore
153.28
-28.81
0.0228
0.0676
Wongan Hills
116.71
-30.9
0.0729
0.2169
Lorne
143.98
-38.53
0.0629
0.1709
Woomera
136.82
-31.22
0.0292
0.0929
Mackay
149.16
-21.15
0.0214
0.0664
Wyndham
128.11
-15.48
0.0315
0.1000
Maitland
151.55
-32.73
0.0549
0.1584
York
116.76
-31.88
0.0977
0.2679